[69, 43, 72, 42, 74, 57, 11, 61, 64, 88, 45, 25, 17, 2, 80, 12, 28, 13, 23, 20, 58, 83, 6, 38, 76, 48, 19, 47, 79, 8, 85, 71, 67, 99, 70, 51, 54, 92, 81, 97, 4, 52, 98, 3, 5, 14, 22, 87, 36, 59, 0, 56, 10, 1, 30, 32, 46, 96, 50, 77, 29, 91, 9, 93, 75, 49, 21, 27, 62, 73, 78, 18, 26, 65, 35, 34, 66, 41, 37, 31]
[81, 16, 84, 30, 26, 69, 8, 46, 47, 13, 33, 68, 79, 20, 94, 75, 55, 6, 71, 4, 72, 66, 82, 73, 15, 1, 91, 45, 67, 10, 61, 5, 36, 74, 65, 41, 76, 25, 62, 83, 43, 54, 49, 86, 95, 88, 57, 60, 2, 53, 39, 31, 97, 89, 59, 98, 28, 58, 40, 90, 50, 44, 70, 63, 37, 29, 9, 77, 52, 56, 23, 12, 64, 51, 32, 11, 14, 7, 19, 34]
[75, 97, 17, 31, 35, 0, 7, 3, 68, 23, 81, 13, 95, 50, 69, 59, 78, 94, 44, 93, 91, 85, 25, 11, 38, 26, 6, 79, 73, 53, 49, 15, 76, 70, 56, 77, 99, 82, 22, 8, 27, 89, 84, 10, 92, 16, 86, 67, 74, 5, 43, 41, 37, 54, 9, 52, 28, 51, 62, 98, 33, 40, 47, 48, 90, 60, 2, 42, 96, 39, 36, 32, 83, 55, 46, 87, 64, 57, 65, 58]
[51, 64, 16, 5, 74, 87, 2, 22, 7, 96, 81, 8, 21, 59, 13, 75, 48, 26, 73, 44, 1, 53, 36, 11, 28, 54, 80, 77, 72, 42, 41, 78, 29, 61, 30, 14, 34, 92, 45, 40, 66, 47, 12, 58, 52, 25, 85, 43, 46, 62, 60, 56, 27, 98, 6, 24, 9, 70, 88, 17, 50, 0, 3, 15, 18, 39, 71, 63, 69, 99, 84, 4, 93, 32, 33, 82, 31, 94, 76, 67]
[7, 94, 86, 67, 35, 48, 36, 44, 40, 99, 6, 79, 11, 47, 61, 53, 4, 83, 3, 2, 76, 56, 18, 84, 45, 24, 69, 20, 92, 9, 90, 88, 93, 5, 91, 29, 89, 22, 49, 78, 68, 1, 0, 14, 80, 38, 52, 31, 57, 73, 32, 46, 59, 12, 97, 71, 77, 85, 70, 55, 43, 27, 16, 41, 42, 17, 19, 64, 28, 33, 51, 75, 74, 39, 81, 8, 15, 30, 34, 98]
[58, 63, 94, 20, 86, 46, 62, 36, 51, 21, 88, 98, 43, 29, 39, 7, 71, 22, 59, 85, 15, 1, 49, 52, 5, 11, 70, 77, 68, 76, 80, 60, 6, 50, 18, 83, 69, 67, 19, 95, 91, 90, 92, 74, 45, 38, 56, 37, 81, 54, 31, 35, 64, 40, 75, 53, 32, 99, 65, 34, 41, 2, 33, 27, 9, 78, 16, 26, 89, 42, 47, 25, 30, 72, 0, 55, 28, 8, 84, 66]
[26, 9, 41, 68, 62, 2, 65, 40, 39, 16, 63, 44, 70, 10, 69, 85, 15, 23, 80, 84, 94, 28, 95, 0, 19, 99, 82, 29, 22, 25, 13, 57, 36, 14, 7, 17, 46, 24, 98, 45, 76, 37, 3, 89, 11, 78, 79, 91, 32, 93, 35, 92, 72, 90, 74, 81, 60, 48, 43, 30, 58, 38, 27, 56, 33, 77, 73, 1, 50, 59, 83, 64, 49, 21, 6, 42, 55, 52, 12, 47]
[22, 47, 55, 83, 60, 79, 68, 13, 62, 49, 56, 89, 31, 86, 74, 95, 90, 43, 65, 44, 64, 25, 73, 2, 94, 35, 0, 67, 80, 93, 3, 71, 76, 84, 98, 33, 15, 10, 30, 21, 58, 45, 87, 46, 19, 20, 41, 53, 12, 81, 5, 51, 23, 78, 75, 27, 99, 82, 63, 6, 50, 26, 37, 38, 40, 4, 61, 97, 91, 96, 66, 57, 32, 1, 72, 14, 54, 92, 16, 7]
[1, 65, 54, 80, 86, 83, 4, 77, 0, 51, 78, 64, 28, 45, 3, 41, 89, 62, 70, 25, 55, 58, 8, 32, 29, 95, 35, 43, 22, 42, 67, 57, 88, 75, 21, 2, 92, 31, 90, 14, 60, 66, 71, 49, 18, 37, 24, 44, 26, 36, 69, 82, 13, 9, 91, 93, 98, 79, 47, 7, 76, 10, 96, 56, 72, 40, 6, 33, 27, 11, 15, 16, 34, 61, 85, 63, 52, 97, 73, 30]
[51, 68, 82, 43, 26, 0, 29, 65, 81, 48, 85, 5, 41, 71, 28, 2, 77, 59, 52, 72, 34, 11, 80, 76, 66, 30, 53, 33, 31, 46, 98, 83, 64, 1, 7, 55, 96, 22, 54, 63, 6, 37, 10, 84, 20, 74, 58, 79, 27, 14, 60, 18, 19, 38, 57, 50, 95, 62, 23, 24, 86, 91, 16, 36, 56, 45, 78, 47, 69, 49, 61, 12, 70, 93, 97, 42, 67, 21, 92, 39]
[99, 27, 77, 79, 57, 9, 95, 93, 56, 39, 52, 75, 24, 4, 97, 76, 71, 36, 61, 83, 22, 78, 38, 67, 40, 17, 13, 65, 80, 84, 43, 26, 94, 72, 91, 25, 28, 8, 47, 29, 64, 86, 15, 35, 82, 37, 59, 34, 41, 5, 68, 60, 12, 89, 42, 98, 74, 81, 63, 54, 10, 62, 33, 66, 0, 96, 70, 87, 20, 48, 32, 23, 14, 21, 31, 30, 11, 90, 44, 85]
[21, 40, 96, 28, 72, 69, 45, 55, 38, 88, 83, 57, 68, 22, 86, 56, 4, 13, 92, 67, 98, 84, 30, 63, 78, 9, 37, 99, 26, 65, 87, 35, 48, 1, 71, 19, 12, 41, 47, 0, 16, 10, 5, 49, 44, 25, 42, 82, 33, 60, 32, 27, 24, 95, 52, 93, 53, 64, 34, 2, 76, 91, 58, 29, 3, 54, 6, 14, 61, 36, 81, 74, 97, 8, 17, 73, 51, 50, 79, 62]
[65, 58, 59, 48, 31, 9, 33, 78, 3, 82, 55, 70, 60, 77, 2, 4, 49, 50, 52, 51, 0, 89, 38, 23, 94, 93, 29, 41, 53, 74, 40, 18, 14, 34, 42, 35, 76, 30, 66, 80, 20, 26, 63, 97, 27, 43, 36, 88, 1, 5, 16, 95, 86, 32, 57, 79, 39, 37, 64, 68, 15, 96, 62, 90, 69, 87, 92, 21, 72, 22, 85, 98, 45, 99, 44, 71, 12, 46, 19, 6]
[89, 27, 86, 99, 20, 62, 38, 18, 52, 9, 63, 16, 92, 1, 76, 56, 34, 12, 24, 69, 80, 95, 4, 81, 7, 3, 64, 13, 98, 75, 66, 33, 36, 43, 70, 45, 6, 35, 79, 77, 8, 94, 74, 73, 53, 15, 29, 65, 83, 91, 82, 54, 55, 19, 25, 49, 44, 96, 58, 14, 17, 48, 50, 42, 10, 22, 51, 2, 67, 11, 57, 30, 60, 61, 41, 88, 87, 28, 21, 31]
[89, 18, 87, 90, 3, 91, 69, 27, 34, 77, 83, 48, 51, 45, 47, 75, 12, 72, 68, 98, 74, 13, 70, 65, 58, 44, 52, 71, 79, 2, 31, 5, 22, 53, 49, 63, 62, 50, 14, 60, 57, 61, 81, 59, 8, 11, 37, 26, 64, 67, 84, 24, 97, 15, 86, 19, 28, 99, 46, 85, 25, 40, 78, 4, 94, 36, 35, 1, 41, 21, 56, 9, 29, 43, 39, 95, 32, 6, 66, 55]
[70, 76, 93, 28, 31, 77, 30, 64, 81, 65, 62, 21, 84, 61, 37, 33, 38, 50, 15, 48, 0, 88, 67, 1, 98, 56, 69, 80, 42, 60, 29, 66, 2, 86, 3, 57, 90, 36, 7, 39, 4, 35, 24, 22, 18, 23, 12, 75, 25, 41, 72, 78, 51, 14, 53, 16, 49, 32, 47, 91, 43, 17, 9, 82, 54, 95, 11, 55, 19, 45, 89, 83, 71, 27, 99, 10, 13, 20, 73, 44]
[73, 24, 60, 75, 72, 83, 32, 61, 97, 85, 47, 22, 49, 46, 18, 63, 54, 65, 78, 94, 99, 27, 36, 43, 13, 33, 71, 14, 56, 15, 53, 5, 48, 80, 16, 57, 20, 82, 67, 95, 42, 79, 29, 66, 35, 98, 12, 45, 81, 90, 87, 96, 10, 38, 88, 25, 2, 64, 31, 17, 1, 39, 26, 7, 68, 4, 34, 9, 70, 52, 89, 37, 58, 6, 44, 51, 40, 30, 41, 93]
[50, 93, 36, 43, 84, 68, 2, 89, 37, 97, 71, 60, 77, 76, 65, 5, 0, 35, 31, 98, 25, 47, 74, 81, 82, 94, 85, 49, 1, 11, 83, 28, 34, 12, 40, 4, 80, 62, 23, 27, 20, 55, 53, 99, 46, 92, 66, 32, 64, 57, 58, 19, 26, 17, 67, 51, 95, 48, 38, 63, 16, 69, 86, 6, 22, 8, 72, 15, 18, 13, 39, 33, 59, 56, 29, 3, 21, 42, 41, 75]
[87, 79, 61, 66, 94, 17, 34, 97, 65, 47, 70, 8, 92, 33, 44, 75, 85, 46, 86, 83, 23, 74, 35, 11, 1, 98, 9, 53, 15, 18, 52, 19, 36, 80, 14, 64, 60, 89, 49, 24, 5, 25, 68, 32, 3, 10, 2, 45, 95, 88, 69, 30, 29, 72, 93, 76, 58, 63, 51, 20, 59, 40, 50, 43, 71, 77, 78, 48, 26, 13, 56, 12, 4, 67, 82, 99, 16, 6, 73, 39]
[35, 2, 61, 94, 80, 57, 0, 92, 45, 14, 60, 20, 63, 86, 52, 72, 36, 62, 78, 31, 26, 82, 30, 81, 3, 25, 28, 56, 64, 74, 29, 48, 87, 38, 75, 37, 99, 4, 42, 85, 68, 66, 96, 8, 23, 46, 32, 83, 16, 89, 18, 22, 27, 21, 11, 1, 88, 77, 70, 17, 41, 91, 19, 58, 24, 90, 79, 54, 15, 65, 73, 84, 69, 71, 55, 43, 93, 13, 33, 12]
[47, 39, 97, 99, 44, 64, 40, 3, 94, 83, 23, 82, 50, 63, 43, 62, 18, 12, 33, 68, 17, 92, 22, 85, 20, 27, 96, 19, 24, 78, 75, 77, 34, 49, 32, 30, 10, 57, 87, 31, 74, 54, 41, 35, 6, 61, 89, 29, 28, 95, 9, 21, 80, 98, 84, 76, 46, 65, 67, 52, 81, 7, 15, 2, 14, 86, 69, 36, 93, 90, 71, 72, 42, 38, 59, 73, 13, 26, 56, 55]
[20, 54, 25, 78, 6, 28, 46, 75, 21, 81, 64, 40, 94, 17, 80, 99, 85, 44, 32, 61, 7, 16, 14, 72, 83, 52, 58, 77, 92, 57, 15, 2, 90, 35, 9, 93, 79, 71, 31, 10, 18, 39, 95, 53, 91, 29, 34, 8, 63, 38, 42, 56, 96, 87, 59, 69, 73, 13, 66, 3, 50, 12, 68, 47, 76, 37, 26, 86, 45, 33, 70, 60, 27, 84, 62, 98, 55, 24, 51, 43]
[92, 10, 68, 83, 78, 42, 36, 39, 47, 69, 72, 73, 70, 66, 24, 44, 3, 76, 94, 28, 81, 23, 46, 34, 91, 96, 15, 57, 50, 80, 53, 41, 20, 52, 13, 89, 5, 21, 19, 16, 4, 59, 2, 67, 7, 98, 95, 61, 25, 93, 11, 65, 55, 75, 8, 35, 87, 12, 30, 88, 29, 17, 77, 54, 40, 27, 6, 38, 82, 63, 71, 1, 37, 51, 43, 86, 85, 60, 64, 26]
[19, 83, 30, 10, 33, 51, 87, 74, 14, 18, 47, 29, 77, 59, 8, 24, 90, 79, 94, 81, 84, 63, 11, 75, 34, 49, 58, 45, 98, 26, 95, 1, 6, 73, 86, 96, 27, 42, 88, 5, 82, 31, 76, 22, 67, 55, 41, 72, 64, 17, 66, 13, 32, 53, 39, 93, 2, 12, 21, 43, 48, 3, 40, 7, 80, 46, 65, 36, 4, 56, 38, 61, 23, 92, 91, 50, 60, 97, 52, 89]
[46, 9, 66, 23, 53, 49, 44, 67, 17, 63, 45, 65, 43, 72, 1, 78, 80, 81, 54, 91, 50, 75, 26, 90, 52, 10, 22, 13, 42, 57, 27, 16, 69, 29, 51, 92, 71, 96, 74, 88, 95, 0, 34, 21, 32, 84, 5, 31, 38, 24, 89, 93, 76, 48, 79, 60, 73, 18, 99, 59, 11, 20, 56, 70, 40, 85, 8, 12, 83, 82, 4, 14, 98, 55, 68, 3, 97, 94, 87, 37]
[32, 10, 68, 63, 22, 94, 28, 96, 31, 53, 57, 36, 86, 19, 21, 14, 85, 46, 37, 93, 34, 7, 55, 43, 88, 1, 61, 11, 8, 95, 82, 49, 50, 3, 97, 89, 39, 58, 20, 6, 25, 0, 83, 64, 45, 29, 17, 5, 71, 40, 69, 87, 56, 30, 98, 76, 81, 78, 42, 15, 4, 38, 24, 47, 74, 23, 41, 27, 77, 62, 33, 59, 48, 13, 67, 2, 80, 26, 60, 12]
[41, 2, 35, 30, 48, 34, 36, 13, 32, 90, 72, 24, 4, 54, 57, 6, 17, 22, 88, 25, 77, 31, 62, 28, 73, 12, 49, 14, 96, 44, 85, 10, 20, 0, 75, 47, 94, 42, 66, 79, 45, 99, 55, 95, 43, 23, 80, 3, 38, 70, 78, 19, 67, 59, 97, 27, 29, 51, 63, 46, 26, 52, 33, 8, 98, 16, 37, 39, 9, 65, 64, 87, 58, 83, 81, 71, 69, 60, 7, 86]
[28, 26, 34, 3, 80, 94, 15, 75, 84, 39, 20, 98, 10, 27, 51, 13, 58, 65, 78, 55, 60, 92, 46, 85, 81, 97, 73, 96, 41, 18, 2, 40, 87, 83, 31, 8, 33, 61, 68, 25, 95, 66, 19, 32, 91, 82, 17, 44, 54, 4, 6, 29, 5, 24, 69, 37, 7, 63, 79, 53, 43, 74, 14, 71, 77, 48, 22, 47, 11, 93, 38, 89, 99, 64, 42, 36, 16, 0, 21, 56]
[13, 7, 52, 74, 0, 50, 95, 61, 72, 25, 83, 98, 71, 99, 59, 96, 53, 2, 49, 4, 19, 63, 70, 30, 84, 86, 79, 18, 20, 15, 8, 48, 77, 58, 47, 9, 14, 80, 16, 65, 97, 82, 85, 43, 68, 93, 17, 26, 1, 44, 75, 51, 35, 28, 12, 78, 92, 29, 22, 55, 32, 81, 57, 64, 5, 24, 38, 67, 73, 91, 45, 37, 6, 11, 76, 54, 10, 23, 41, 40]
[12, 23, 76, 62, 19, 86, 2, 8, 24, 60, 87, 47, 72, 42, 41, 96, 31, 53, 5, 78, 80, 94, 17, 95, 88, 51, 69, 29, 14, 65, 1, 98, 7, 90, 38, 70, 44, 74, 83, 10, 54, 77, 48, 79, 33, 75, 85, 91, 55, 52, 16, 13, 64, 82, 34, 81, 56, 4, 35, 9, 37, 39, 50, 63, 18, 99, 25, 67, 92, 26, 43, 59, 28, 3, 27, 30, 61, 84, 93, 45]
[99, 46, 86, 42, 21, 82, 70, 76, 30, 62, 3, 6, 57, 1, 25, 10, 22, 24, 28, 43, 60, 80, 54, 59, 50, 65, 53, 5, 81, 89, 68, 9, 97, 31, 38, 77, 94, 95, 96, 7, 52, 27, 14, 75, 16, 83, 39, 33, 78, 36, 44, 79, 18, 17, 98, 55, 41, 93, 15, 2, 74, 73, 69, 34, 0, 48, 64, 56, 51, 58, 40, 26, 85, 19, 71, 61, 45, 29, 72, 23]
[80, 38, 31, 40, 87, 85, 45, 52, 32, 16, 27, 4, 43, 3, 28, 86, 81, 51, 53, 89, 62, 20, 49, 93, 79, 59, 63, 30, 6, 1, 83, 33, 95, 22, 8, 0, 7, 99, 39, 37, 47, 23, 66, 72, 97, 96, 9, 17, 60, 64, 65, 26, 18, 19, 77, 14, 56, 10, 69, 91, 74, 55, 12, 94, 70, 54, 84, 34, 76, 41, 5, 44, 29, 50, 48, 15, 13, 46, 98, 61]
[89, 95, 73, 80, 61, 33, 75, 83, 31, 43, 46, 25, 15, 34, 58, 18, 22, 94, 28, 0, 68, 74, 14, 41, 30, 84, 71, 1, 26, 77, 44, 37, 20, 91, 57, 90, 39, 53, 81, 54, 66, 9, 98, 62, 24, 40, 49, 96, 3, 65, 13, 86, 67, 70, 50, 7, 72, 12, 35, 21, 78, 47, 92, 6, 36, 10, 16, 85, 87, 38, 51, 63, 5, 42, 32, 64, 82, 52, 45, 48]
[77, 4, 95, 2, 6, 84, 46, 91, 53, 54, 78, 71, 7, 24, 34, 22, 23, 92, 89, 11, 97, 42, 68, 70, 29, 87, 25, 64, 74, 62, 60, 56, 17, 76, 12, 86, 30, 43, 90, 3, 50, 8, 49, 15, 33, 32, 75, 58, 14, 13, 93, 79, 73, 26, 99, 40, 18, 51, 39, 19, 65, 45, 80, 28, 21, 52, 96, 20, 57, 61, 41, 1, 59, 63, 98, 9, 69, 44, 67, 66]
[6, 64, 30, 98, 40, 83, 90, 58, 65, 51, 97, 7, 26, 44, 66, 21, 75, 76, 70, 11, 38, 72, 13, 24, 20, 59, 27, 34, 56, 96, 89, 69, 46, 81, 33, 42, 62, 25, 29, 0, 60, 52, 10, 4, 74, 87, 99, 85, 43, 94, 45, 93, 82, 28, 63, 48, 55, 9, 80, 16, 92, 47, 3, 91, 12, 17, 49, 67, 78, 86, 1, 77, 88, 39, 73, 15, 54, 8, 79, 41]
[47, 73, 60, 16, 45, 84, 94, 13, 91, 51, 18, 78, 56, 34, 23, 75, 50, 72, 27, 54, 42, 79, 41, 33, 80, 83, 71, 1, 20, 99, 97, 31, 49, 46, 36, 0, 65, 53, 67, 12, 86, 68, 88, 17, 57, 11, 25, 28, 59, 38, 62, 96, 82, 70, 52, 8, 30, 58, 10, 55, 98, 37, 7, 48, 44, 95, 14, 93, 21, 85, 40, 29, 22, 9, 90, 64, 76, 77, 5, 81]
[47, 88, 1, 86, 75, 85, 10, 38, 4, 52, 83, 20, 53, 9, 65, 50, 29, 34, 33, 32, 7, 82, 15, 81, 13, 76, 2, 63, 70, 80, 72, 78, 41, 19, 6, 40, 92, 96, 46, 93, 98, 73, 60, 36, 87, 26, 49, 35, 62, 48, 5, 95, 61, 27, 69, 68, 43, 57, 77, 11, 67, 16, 71, 55, 79, 66, 22, 30, 28, 56, 17, 84, 97, 51, 45, 14, 39, 90, 25, 37]
[32, 18, 50, 35, 51, 26, 66, 65, 69, 56, 94, 91, 61, 99, 93, 37, 64, 58, 57, 38, 97, 1, 84, 55, 19, 25, 78, 92, 72, 73, 46, 44, 98, 28, 39, 79, 10, 40, 48, 27, 7, 82, 62, 60, 90, 49, 14, 42, 70, 6, 83, 0, 86, 59, 11, 41, 47, 16, 75, 81, 34, 43, 36, 54, 85, 96, 8, 4, 88, 5, 95, 87, 77, 13, 71, 30, 24, 12, 31, 68]
[90, 76, 60, 78, 93, 49, 26, 0, 87, 37, 12, 23, 7, 77, 25, 14, 58, 75, 28, 52, 8, 27, 71, 86, 30, 91, 42, 50, 1, 85, 48, 98, 38, 99, 31, 29, 11, 41, 44, 80, 40, 92, 36, 88, 2, 35, 62, 17, 59, 24, 39, 4, 19, 10, 73, 94, 53, 18, 63, 5, 84, 95, 96, 81, 70, 57, 33, 13, 20, 43, 22, 82, 61, 56, 64, 15, 45, 65, 51, 54]
[89, 86, 27, 37, 61, 67, 20, 75, 92, 42, 46, 74, 55, 40, 71, 49, 12, 3, 98, 79, 95, 84, 48, 72, 31, 43, 47, 32, 22, 8, 87, 41, 33, 38, 16, 77, 78, 51, 64, 14, 15, 80, 11, 5, 54, 93, 69, 0, 23, 35, 6, 82, 85, 56, 34, 91, 65, 94, 18, 53, 44, 2, 45, 70, 96, 99, 63, 81, 30, 83, 66, 68, 13, 73, 29, 1, 39, 25, 90, 36]
[8, 94, 78, 65, 49, 22, 83, 17, 93, 2, 58, 39, 28, 18, 69, 12, 43, 77, 80, 76, 20, 38, 13, 85, 11, 59, 68, 61, 6, 87, 29, 56, 96, 75, 5, 57, 97, 48, 40, 84, 7, 24, 53, 42, 32, 72, 71, 0, 30, 54, 63, 92, 95, 9, 91, 74, 52, 50, 46, 99, 60, 67, 25, 81, 66, 31, 79, 33, 19, 37, 41, 15, 86, 98, 90, 64, 14, 23, 89, 47]
[67, 1, 57, 97, 40, 52, 59, 76, 62, 2, 48, 8, 81, 73, 23, 15, 78, 44, 36, 88, 72, 80, 66, 24, 64, 14, 46, 16, 4, 22, 79, 32, 3, 82, 89, 74, 86, 7, 37, 77, 63, 25, 58, 60, 19, 45, 90, 29, 55, 65, 94, 10, 91, 61, 53, 42, 28, 93, 12, 99, 54, 51, 27, 43, 35, 6, 96, 0, 98, 31, 9, 21, 13, 75, 34, 20, 85, 84, 47, 17]
[12, 83, 33, 21, 27, 75, 84, 25, 86, 16, 55, 50, 15, 36, 59, 6, 53, 69, 38, 1, 57, 80, 39, 56, 99, 29, 76, 79, 41, 46, 62, 11, 93, 24, 43, 35, 95, 73, 64, 72, 87, 89, 19, 91, 51, 14, 67, 68, 96, 8, 54, 7, 37, 10, 58, 28, 61, 70, 17, 97, 71, 23, 94, 65, 52, 63, 30, 31, 42, 2, 9, 78, 98, 32, 60, 40, 3, 90, 26, 34]
[69, 87, 58, 7, 29, 42, 45, 62, 54, 52, 26, 63, 88, 46, 60, 72, 76, 98, 8, 61, 15, 24, 67, 93, 92, 51, 55, 0, 57, 2, 10, 74, 19, 18, 25, 49, 89, 84, 6, 70, 27, 32, 99, 64, 28, 68, 66, 77, 3, 30, 94, 5, 13, 90, 37, 95, 34, 86, 96, 11, 73, 41, 91, 97, 1, 71, 9, 33, 75, 65, 78, 44, 38, 82, 23, 36, 39, 22, 16, 40]
[68, 98, 93, 85, 39, 91, 66, 35, 2, 31, 77, 30, 67, 78, 76, 47, 41, 75, 83, 55, 20, 61, 7, 43, 45, 59, 56, 23, 22, 60, 33, 82, 42, 53, 16, 32, 11, 3, 29, 26, 8, 57, 62, 81, 13, 65, 14, 37, 73, 0, 88, 4, 9, 64, 70, 52, 95, 94, 80, 90, 36, 5, 25, 79, 86, 24, 10, 19, 99, 72, 92, 50, 15, 48, 97, 28, 58, 84, 89, 74]
[0, 57, 51, 40, 33, 43, 81, 99, 44, 41, 19, 67, 91, 96, 2, 83, 52, 9, 46, 76, 66, 86, 62, 61, 80, 18, 90, 26, 4, 63, 53, 75, 20, 28, 24, 97, 79, 8, 12, 64, 54, 45, 25, 72, 47, 38, 23, 5, 35, 94, 50, 6, 87, 16, 29, 69, 95, 60, 15, 22, 74, 32, 42, 3, 77, 68, 84, 78, 7, 48, 73, 49, 21, 59, 70, 39, 36, 71, 56, 58]
[39, 97, 84, 92, 5, 51, 30, 33, 12, 88, 46, 6, 25, 26, 32, 74, 18, 72, 34, 24, 19, 81, 10, 44, 50, 85, 83, 29, 9, 76, 3, 75, 41, 52, 96, 78, 47, 17, 63, 77, 91, 86, 70, 23, 59, 66, 57, 27, 55, 31, 1, 89, 16, 42, 94, 90, 35, 21, 98, 40, 65, 15, 7, 56, 71, 95, 48, 79, 28, 54, 73, 20, 64, 38, 67, 99, 36, 53, 11, 80]
[97, 20, 95, 10, 32, 62, 28, 18, 12, 17, 89, 53, 64, 66, 37, 88, 61, 92, 4, 23, 25, 33, 48, 80, 45, 52, 38, 77, 46, 96, 50, 27, 54, 51, 1, 36, 0, 76, 40, 78, 13, 8, 42, 82, 79, 26, 71, 58, 7, 5, 74, 57, 90, 16, 86, 30, 73, 56, 39, 43, 55, 22, 67, 35, 21, 14, 94, 9, 3, 24, 81, 91, 15, 87, 11, 34, 75, 65, 6, 60]
[1, 29, 43, 9, 33, 78, 88, 90, 47, 77, 12, 14, 96, 13, 3, 94, 89, 99, 98, 31, 28, 17, 38, 45, 76, 52, 7, 37, 58, 40, 35, 46, 4, 24, 66, 60, 16, 64, 80, 86, 56, 32, 65, 97, 21, 73, 11, 20, 36, 19, 18, 69, 44, 62, 15, 70, 27, 48, 59, 51, 26, 87, 79, 67, 42, 8, 49, 63, 2, 22, 23, 25, 61, 84, 93, 39, 50, 83, 82, 72]
[38, 91, 55, 65, 4, 37, 32, 59, 7, 75, 30, 39, 81, 71, 62, 25, 92, 21, 88, 68, 76, 2, 99, 12, 9, 98, 63, 47, 58, 22, 5, 45, 79, 24, 54, 42, 13, 72, 85, 86, 64, 36, 52, 96, 60, 8, 29, 46, 50, 93, 67, 14, 17, 90, 78, 69, 61, 33, 0, 28, 3, 94, 56, 23, 87, 15, 26, 84, 53, 20, 89, 18, 41, 80, 44, 19, 70, 57, 34, 83]
[80, 65, 89, 85, 40, 49, 35, 17, 34, 13, 31, 6, 69, 23, 32, 48, 33, 36, 26, 19, 73, 74, 57, 4, 50, 82, 61, 67, 70, 64, 14, 8, 22, 20, 9, 93, 21, 98, 18, 46, 24, 68, 0, 75, 81, 91, 53, 94, 62, 59, 56, 77, 58, 66, 1, 42, 87, 2, 86, 37, 30, 96, 45, 55, 51, 7, 11, 43, 38, 28, 88, 54, 5, 39, 3, 84, 10, 44, 72, 29]
[88, 54, 56, 5, 81, 47, 2, 78, 16, 55, 48, 35, 63, 91, 58, 13, 82, 41, 57, 21, 49, 69, 76, 40, 10, 20, 68, 70, 97, 38, 61, 14, 92, 27, 18, 99, 11, 64, 62, 4, 87, 23, 17, 74, 45, 46, 75, 67, 53, 42, 30, 39, 3, 7, 50, 43, 32, 33, 12, 79, 22, 34, 98, 19, 93, 65, 24, 51, 36, 25, 80, 8, 72, 26, 60, 89, 90, 44, 83, 77]
[8, 29, 76, 63, 0, 67, 54, 61, 1, 68, 21, 45, 13, 94, 85, 95, 75, 89, 31, 7, 44, 59, 96, 23, 12, 19, 40, 79, 35, 39, 99, 26, 87, 98, 2, 24, 72, 34, 81, 70, 42, 90, 14, 71, 43, 66, 60, 4, 46, 62, 50, 5, 69, 3, 53, 64, 56, 9, 58, 65, 33, 6, 48, 55, 92, 88, 91, 37, 11, 27, 22, 41, 38, 28, 25, 80, 10, 73, 20, 49]
[71, 72, 32, 82, 67, 15, 43, 68, 2, 66, 31, 4, 41, 8, 58, 0, 96, 69, 84, 34, 61, 52, 49, 64, 6, 59, 3, 50, 79, 88, 24, 94, 60, 78, 87, 65, 35, 75, 29, 18, 53, 44, 95, 11, 39, 57, 38, 89, 22, 37, 48, 9, 91, 45, 74, 63, 42, 76, 33, 83, 98, 55, 17, 10, 21, 51, 85, 47, 30, 14, 7, 19, 12, 23, 46, 97, 13, 54, 27, 28]
[47, 28, 31, 69, 68, 70, 34, 6, 22, 90, 55, 85, 93, 17, 27, 50, 86, 26, 37, 95, 7, 33, 52, 3, 36, 58, 87, 38, 82, 41, 66, 61, 16, 32, 10, 99, 15, 23, 94, 65, 13, 88, 78, 39, 30, 92, 40, 18, 4, 84, 51, 59, 2, 8, 43, 29, 49, 54, 63, 77, 83, 62, 42, 12, 72, 64, 45, 96, 80, 73, 14, 57, 35, 48, 98, 71, 46, 25, 76, 19]
[91, 85, 70, 27, 45, 5, 50, 41, 2, 11, 99, 10, 18, 88, 51, 86, 92, 16, 78, 21, 83, 52, 20, 0, 53, 62, 12, 49, 57, 38, 96, 42, 84, 55, 80, 43, 79, 37, 65, 28, 44, 13, 17, 69, 1, 75, 76, 81, 64, 98, 3, 8, 4, 74, 63, 67, 60, 9, 54, 40, 68, 94, 23, 66, 34, 97, 39, 7, 15, 6, 26, 82, 56, 58, 29, 95, 59, 77, 48, 93]
[70, 59, 62, 19, 88, 47, 21, 6, 5, 55, 44, 72, 85, 76, 46, 86, 16, 74, 31, 79, 87, 84, 50, 42, 0, 15, 26, 1, 96, 13, 43, 32, 93, 12, 92, 63, 77, 27, 10, 38, 98, 8, 3, 81, 37, 36, 4, 53, 82, 80, 35, 11, 39, 75, 48, 33, 52, 73, 28, 14, 61, 51, 95, 67, 22, 83, 71, 58, 56, 2, 9, 54, 69, 65, 20, 64, 17, 23, 57, 90]
[15, 31, 87, 1, 7, 94, 39, 85, 8, 65, 64, 25, 98, 70, 96, 3, 46, 4, 82, 89, 77, 81, 51, 97, 17, 61, 24, 41, 53, 72, 57, 47, 6, 91, 21, 73, 30, 93, 88, 59, 58, 10, 67, 68, 66, 27, 92, 45, 50, 9, 95, 56, 49, 40, 33, 52, 34, 99, 63, 75, 71, 62, 16, 5, 20, 23, 54, 19, 26, 86, 28, 44, 83, 84, 36, 60, 55, 35, 43, 38]
[23, 66, 20, 49, 37, 19, 64, 90, 75, 57, 6, 92, 89, 29, 82, 4, 96, 9, 35, 50, 46, 87, 95, 74, 14, 63, 32, 38, 8, 28, 60, 54, 40, 22, 93, 7, 79, 25, 76, 21, 34, 27, 70, 15, 43, 18, 99, 72, 83, 30, 45, 17, 88, 67, 44, 16, 24, 2, 0, 80, 41, 56, 84, 98, 39, 36, 31, 81, 69, 58, 78, 71, 77, 86, 97, 68, 26, 53, 65, 33]
[45, 95, 98, 49, 86, 54, 93, 57, 58, 46, 30, 83, 56, 51, 7, 44, 85, 82, 67, 12, 20, 90, 26, 9, 76, 68, 1, 66, 18, 4, 39, 84, 96, 75, 69, 48, 92, 3, 14, 37, 23, 0, 28, 63, 62, 32, 59, 8, 16, 94, 91, 87, 61, 36, 97, 41, 99, 24, 25, 73, 33, 80, 47, 34, 79, 17, 88, 5, 43, 64, 27, 77, 13, 21, 38, 6, 10, 40, 81, 74]
[10, 27, 50, 61, 13, 37, 65, 5, 91, 41, 23, 86, 57, 32, 60, 43, 7, 78, 93, 87, 46, 81, 29, 55, 72, 0, 84, 69, 31, 42, 53, 11, 52, 98, 48, 9, 35, 21, 82, 49, 44, 77, 1, 24, 36, 58, 99, 63, 73, 12, 33, 54, 70, 6, 15, 4, 94, 28, 88, 68, 51, 3, 79, 16, 85, 19, 66, 20, 26, 97, 64, 96, 62, 17, 14, 45, 80, 40, 2, 56]
[67, 4, 41, 63, 64, 16, 96, 74, 89, 75, 3, 36, 95, 13, 78, 56, 12, 70, 24, 28, 32, 91, 62, 68, 79, 14, 98, 46, 11, 8, 44, 53, 7, 18, 77, 2, 59, 83, 76, 82, 52, 51, 55, 69, 97, 9, 26, 94, 84, 66, 22, 17, 99, 40, 72, 87, 88, 35, 39, 25, 93, 60, 20, 27, 47, 15, 61, 81, 34, 92, 5, 29, 58, 6, 73, 57, 80, 43, 38, 0]
[1, 21, 55, 36, 11, 90, 18, 37, 80, 33, 86, 13, 77, 81, 30, 53, 75, 49, 35, 32, 83, 71, 44, 56, 27, 23, 50, 91, 97, 70, 89, 40, 76, 22, 10, 46, 85, 99, 54, 24, 51, 19, 60, 73, 94, 78, 58, 48, 0, 28, 8, 66, 47, 93, 45, 9, 92, 95, 68, 29, 39, 57, 38, 16, 62, 41, 5, 79, 17, 43, 88, 82, 15, 72, 6, 2, 52, 84, 74, 34]
[79, 40, 85, 43, 25, 86, 24, 68, 42, 91, 22, 94, 92, 90, 83, 15, 31, 59, 82, 66, 2, 30, 13, 75, 12, 48, 98, 62, 44, 53, 10, 26, 63, 28, 57, 64, 88, 20, 21, 27, 41, 70, 61, 99, 69, 49, 8, 38, 4, 18, 58, 73, 84, 19, 23, 77, 33, 32, 29, 16, 46, 80, 37, 5, 35, 14, 0, 54, 78, 65, 60, 36, 51, 56, 45, 34, 71, 93, 97, 55]
[52, 15, 58, 78, 74, 76, 60, 46, 63, 70, 11, 29, 12, 35, 99, 79, 86, 51, 77, 5, 48, 47, 45, 2, 44, 4, 75, 10, 31, 67, 57, 54, 3, 80, 13, 39, 23, 71, 17, 64, 65, 25, 81, 95, 82, 8, 84, 85, 92, 6, 22, 96, 91, 37, 19, 83, 34, 49, 41, 72, 14, 27, 73, 42, 53, 21, 50, 30, 0, 90, 7, 36, 89, 26, 40, 28, 20, 16, 87, 66]
[4, 62, 93, 22, 75, 80, 9, 6, 5, 64, 28, 57, 44, 30, 8, 45, 91, 90, 66, 15, 89, 72, 42, 82, 25, 68, 24, 37, 17, 51, 40, 13, 67, 94, 98, 2, 32, 53, 58, 65, 83, 59, 41, 36, 69, 12, 3, 96, 78, 33, 1, 49, 34, 73, 60, 71, 43, 16, 55, 14, 56, 70, 19, 61, 35, 0, 99, 81, 95, 84, 48, 54, 7, 50, 39, 29, 85, 20, 63, 26]
[94, 75, 54, 14, 21, 88, 72, 57, 35, 92, 4, 49, 39, 65, 13, 51, 59, 45, 58, 53, 9, 15, 42, 2, 48, 16, 79, 5, 38, 46, 83, 60, 24, 7, 64, 23, 41, 1, 32, 31, 25, 73, 77, 89, 61, 52, 40, 95, 71, 11, 66, 99, 36, 84, 26, 70, 86, 74, 34, 37, 43, 29, 93, 47, 63, 76, 8, 98, 28, 96, 10, 69, 33, 17, 62, 3, 19, 27, 85, 22]
[2, 77, 58, 24, 59, 46, 90, 99, 84, 94, 26, 55, 20, 49, 96, 45, 78, 39, 7, 12, 56, 27, 32, 30, 21, 69, 36, 6, 65, 61, 67, 41, 28, 54, 23, 80, 22, 63, 3, 47, 18, 8, 43, 76, 85, 81, 60, 71, 31, 14, 75, 97, 19, 0, 50, 91, 40, 9, 29, 68, 5, 79, 62, 48, 35, 57, 10, 82, 89, 17, 98, 44, 42, 92, 87, 4, 72, 70, 34, 73]
[3, 80, 53, 70, 0, 2, 82, 40, 51, 45, 5, 92, 63, 18, 83, 85, 13, 89, 78, 67, 41, 88, 47, 79, 6, 68, 4, 69, 50, 71, 28, 48, 32, 11, 94, 61, 12, 23, 30, 14, 43, 58, 87, 9, 66, 90, 36, 33, 91, 10, 74, 49, 44, 59, 64, 93, 62, 95, 15, 22, 86, 73, 57, 81, 19, 52, 76, 29, 27, 31, 16, 60, 42, 39, 75, 97, 72, 46, 21, 1]
[16, 6, 82, 76, 64, 90, 12, 8, 3, 69, 37, 22, 87, 35, 51, 55, 50, 47, 52, 62, 30, 27, 68, 33, 34, 45, 28, 98, 54, 66, 24, 36, 21, 95, 32, 93, 58, 73, 15, 42, 96, 97, 89, 25, 78, 18, 57, 48, 61, 39, 60, 44, 74, 80, 23, 84, 17, 72, 19, 85, 71, 75, 40, 11, 91, 56, 65, 13, 63, 1, 94, 10, 4, 88, 70, 77, 0, 59, 9, 67]
[41, 60, 45, 22, 39, 66, 93, 33, 4, 16, 14, 23, 79, 18, 89, 19, 91, 57, 13, 94, 85, 26, 69, 28, 10, 35, 86, 21, 17, 73, 15, 1, 24, 48, 92, 20, 87, 88, 82, 6, 72, 30, 97, 80, 8, 84, 38, 65, 75, 11, 50, 53, 96, 40, 12, 61, 58, 90, 42, 5, 54, 83, 59, 32, 27, 81, 98, 68, 63, 52, 56, 36, 78, 55, 74, 71, 47, 67, 51, 95]
[34, 67, 92, 28, 59, 94, 9, 62, 97, 96, 21, 99, 43, 80, 58, 19, 27, 47, 33, 23, 88, 41, 24, 16, 3, 73, 68, 81, 72, 14, 52, 35, 0, 86, 37, 7, 55, 93, 11, 36, 22, 98, 15, 63, 83, 25, 6, 53, 48, 4, 77, 89, 49, 84, 32, 13, 30, 56, 69, 10, 31, 70, 90, 40, 79, 85, 45, 95, 74, 29, 26, 2, 54, 39, 17, 76, 75, 38, 61, 78]
[96, 28, 87, 79, 38, 23, 85, 25, 82, 5, 94, 78, 36, 7, 30, 91, 16, 39, 37, 77, 81, 48, 61, 22, 97, 8, 56, 98, 86, 75, 84, 45, 69, 80, 95, 46, 99, 27, 31, 63, 55, 66, 4, 18, 40, 13, 35, 74, 73, 41, 62, 67, 34, 24, 0, 58, 11, 76, 50, 64, 53, 10, 44, 92, 57, 9, 12, 68, 33, 70, 72, 20, 51, 54, 89, 49, 2, 59, 90, 1]
[81, 92, 76, 42, 62, 52, 21, 98, 3, 31, 66, 17, 43, 37, 96, 80, 8, 41, 7, 94, 63, 67, 50, 57, 32, 35, 40, 25, 91, 16, 47, 84, 64, 48, 22, 95, 85, 93, 83, 73, 75, 70, 1, 5, 15, 39, 18, 44, 14, 55, 53, 27, 20, 65, 60, 46, 0, 24, 2, 72, 88, 51, 74, 30, 29, 45, 26, 11, 58, 78, 28, 69, 99, 38, 12, 19, 10, 71, 4, 68]
[41, 48, 77, 6, 20, 34, 28, 45, 69, 59, 33, 43, 57, 37, 52, 31, 50, 58, 7, 42, 10, 18, 63, 29, 67, 64, 46, 99, 74, 0, 84, 12, 51, 89, 73, 49, 75, 19, 1, 22, 94, 70, 17, 2, 95, 40, 98, 8, 80, 47, 93, 26, 65, 83, 30, 62, 32, 54, 76, 39, 27, 55, 5, 35, 36, 96, 78, 21, 44, 72, 56, 61, 38, 14, 90, 97, 9, 87, 86, 66]
[71, 91, 11, 76, 65, 51, 43, 24, 42, 86, 59, 64, 22, 85, 84, 28, 83, 95, 23, 58, 62, 66, 26, 33, 12, 53, 50, 46, 77, 2, 92, 73, 47, 82, 9, 57, 98, 49, 30, 78, 68, 36, 90, 75, 81, 80, 67, 16, 21, 61, 7, 70, 35, 18, 31, 52, 0, 55, 34, 48, 74, 99, 93, 40, 96, 29, 45, 44, 37, 89, 27, 79, 60, 38, 54, 69, 56, 94, 63, 3]
[19, 58, 18, 37, 60, 14, 46, 89, 81, 78, 34, 41, 75, 47, 90, 88, 23, 72, 17, 63, 65, 64, 5, 92, 96, 30, 26, 16, 32, 82, 94, 84, 91, 74, 51, 55, 38, 4, 45, 2, 13, 57, 11, 21, 33, 20, 85, 42, 97, 80, 22, 67, 48, 53, 31, 66, 44, 9, 35, 86, 29, 76, 99, 69, 79, 50, 10, 70, 39, 36, 68, 0, 8, 3, 27, 87, 95, 56, 1, 7]
[29, 53, 30, 59, 99, 88, 62, 15, 97, 49, 82, 66, 92, 78, 55, 68, 77, 96, 24, 37, 12, 71, 69, 98, 73, 7, 27, 51, 60, 74, 9, 64, 75, 57, 20, 72, 61, 76, 41, 42, 17, 80, 4, 79, 87, 81, 54, 26, 65, 11, 16, 67, 40, 83, 35, 10, 93, 85, 44, 84, 86, 70, 36, 33, 39, 94, 50, 8, 56, 21, 43, 28, 1, 89, 2, 14, 47, 3, 38, 0]
[67, 51, 24, 64, 7, 91, 92, 95, 35, 58, 4, 27, 80, 99, 83, 63, 60, 16, 36, 31, 97, 62, 42, 75, 25, 84, 49, 53, 89, 56, 76, 90, 29, 2, 98, 45, 65, 37, 46, 30, 13, 52, 14, 3, 6, 79, 66, 17, 40, 57, 71, 20, 93, 34, 70, 21, 47, 22, 38, 68, 18, 77, 10, 41, 39, 55, 28, 19, 33, 0, 86, 32, 44, 73, 82, 50, 11, 9, 81, 69]
[98, 75, 33, 93, 74, 25, 37, 42, 86, 81, 18, 35, 57, 21, 99, 20, 65, 67, 70, 91, 2, 63, 50, 52, 45, 82, 85, 36, 3, 48, 72, 15, 34, 62, 51, 80, 7, 38, 97, 16, 90, 96, 10, 95, 30, 43, 4, 49, 71, 0, 22, 53, 1, 77, 92, 5, 89, 54, 44, 76, 69, 87, 41, 79, 84, 56, 9, 39, 66, 28, 59, 26, 12, 60, 64, 68, 14, 31, 78, 24]
[59, 19, 95, 78, 66, 61, 63, 1, 29, 28, 73, 8, 18, 25, 2, 77, 51, 12, 21, 32, 35, 37, 46, 93, 3, 47, 13, 74, 62, 44, 6, 60, 39, 36, 40, 23, 14, 65, 87, 43, 53, 30, 81, 70, 5, 42, 50, 90, 71, 24, 26, 9, 64, 67, 68, 49, 85, 69, 94, 10, 79, 72, 48, 4, 89, 86, 75, 52, 82, 99, 38, 91, 80, 31, 7, 88, 41, 55, 0, 27]
[74, 83, 85, 94, 62, 11, 3, 81, 47, 34, 70, 73, 49, 4, 39, 63, 45, 23, 89, 19, 51, 38, 67, 93, 79, 59, 29, 7, 32, 68, 28, 43, 86, 82, 22, 12, 50, 66, 91, 98, 33, 40, 41, 72, 18, 27, 1, 5, 16, 78, 0, 21, 31, 60, 14, 95, 76, 75, 90, 26, 80, 53, 57, 48, 58, 71, 6, 15, 36, 42, 10, 97, 8, 69, 24, 20, 99, 52, 30, 84]
[83, 24, 59, 98, 46, 19, 7, 44, 32, 55, 66, 13, 84, 8, 89, 70, 64, 6, 3, 72, 36, 80, 43, 9, 67, 56, 20, 38, 50, 74, 18, 93, 58, 21, 41, 57, 1, 45, 90, 11, 5, 78, 23, 76, 25, 69, 28, 48, 91, 34, 10, 47, 79, 49, 16, 26, 95, 15, 54, 65, 31, 39, 99, 96, 81, 97, 68, 92, 51, 42, 30, 17, 88, 60, 37, 27, 77, 87, 12, 62]
[14, 76, 71, 4, 32, 44, 43, 28, 12, 6, 60, 51, 52, 99, 1, 59, 78, 49, 2, 62, 5, 33, 25, 19, 9, 74, 61, 47, 88, 31, 75, 41, 23, 82, 73, 26, 89, 20, 46, 85, 17, 96, 3, 87, 66, 11, 64, 0, 81, 65, 34, 45, 63, 36, 42, 29, 68, 83, 57, 56, 92, 91, 95, 55, 94, 84, 69, 21, 70, 38, 39, 8, 37, 67, 18, 93, 48, 79, 15, 53]
[7, 53, 35, 94, 37, 8, 45, 10, 30, 74, 1, 70, 95, 16, 32, 17, 77, 62, 31, 6, 80, 92, 40, 48, 61, 22, 55, 84, 73, 71, 43, 18, 47, 23, 19, 2, 21, 82, 97, 65, 78, 9, 99, 57, 98, 66, 3, 11, 34, 20, 87, 0, 42, 85, 24, 88, 72, 89, 46, 27, 68, 76, 51, 38, 14, 91, 90, 67, 63, 93, 39, 26, 59, 75, 25, 41, 64, 4, 44, 29]
[2, 32, 20, 23, 37, 68, 38, 61, 25, 28, 62, 81, 72, 40, 12, 17, 36, 54, 73, 35, 31, 8, 30, 5, 57, 24, 84, 77, 41, 55, 16, 33, 70, 87, 78, 34, 0, 29, 82, 64, 65, 59, 4, 56, 90, 50, 58, 52, 93, 98, 94, 3, 14, 45, 97, 89, 27, 95, 71, 43, 47, 66, 22, 86, 92, 13, 83, 69, 53, 96, 85, 26, 15, 79, 42, 51, 67, 10, 63, 44]
[0, 86, 7, 56, 11, 73, 53, 67, 10, 36, 43, 64, 47, 88, 39, 84, 99, 19, 28, 55, 42, 98, 24, 22, 37, 74, 58, 57, 2, 46, 59, 23, 79, 69, 78, 93, 68, 96, 90, 16, 17, 83, 65, 51, 49, 8, 18, 54, 41, 25, 50, 4, 70, 33, 6, 34, 85, 13, 1, 9, 95, 89, 82, 38, 91, 12, 15, 45, 77, 71, 48, 72, 92, 32, 75, 94, 21, 20, 76, 40]
[69, 75, 2, 89, 82, 54, 4, 21, 49, 83, 70, 27, 46, 19, 13, 39, 61, 36, 9, 44, 1, 76, 30, 41, 45, 68, 3, 71, 24, 12, 42, 53, 79, 85, 6, 50, 43, 86, 18, 0, 88, 62, 22, 29, 56, 96, 7, 37, 5, 10, 25, 16, 55, 92, 65, 14, 58, 77, 90, 66, 38, 87, 32, 59, 97, 20, 63, 26, 94, 73, 48, 28, 74, 60, 95, 72, 35, 51, 11, 80]
[38, 13, 89, 41, 17, 52, 64, 48, 59, 36, 66, 40, 28, 49, 23, 74, 78, 21, 67, 14, 85, 73, 83, 18, 96, 72, 54, 35, 77, 99, 53, 15, 1, 92, 94, 60, 4, 19, 61, 75, 0, 3, 90, 62, 65, 24, 68, 37, 42, 69, 34, 26, 91, 50, 95, 79, 22, 56, 71, 11, 39, 8, 33, 84, 2, 98, 29, 63, 93, 87, 46, 45, 43, 82, 86, 97, 9, 10, 81, 16]
[92, 4, 25, 73, 54, 69, 62, 60, 43, 17, 28, 11, 79, 61, 36, 30, 57, 93, 78, 50, 13, 68, 76, 86, 22, 84, 77, 65, 53, 45, 75, 99, 32, 15, 7, 91, 66, 35, 26, 37, 29, 39, 98, 31, 12, 8, 24, 1, 56, 47, 33, 95, 23, 46, 51, 0, 21, 74, 41, 10, 64, 70, 3, 72, 82, 90, 2, 5, 27, 44, 67, 42, 49, 52, 80, 55, 89, 96, 20, 19]
[20, 41, 4, 18, 36, 8, 10, 5, 82, 75, 83, 74, 48, 64, 89, 51, 68, 91, 84, 52, 28, 97, 47, 46, 31, 26, 72, 7, 67, 50, 21, 70, 45, 60, 27, 77, 16, 79, 34, 93, 15, 86, 1, 37, 2, 44, 29, 62, 99, 24, 25, 13, 58, 94, 19, 56, 6, 96, 49, 63, 59, 81, 76, 22, 0, 55, 78, 87, 61, 54, 43, 17, 32, 39, 42, 66, 85, 65, 40, 57]
[1, 39, 13, 36, 56, 99, 15, 92, 45, 7, 89, 44, 67, 2, 49, 70, 95, 0, 24, 20, 82, 88, 74, 27, 6, 53, 59, 40, 72, 78, 30, 98, 23, 65, 14, 52, 16, 91, 5, 87, 41, 69, 18, 71, 58, 63, 11, 4, 17, 32, 83, 84, 28, 96, 12, 35, 46, 73, 57, 22, 51, 42, 77, 31, 81, 8, 19, 43, 64, 33, 85, 90, 37, 34, 79, 48, 3, 62, 75, 60]
[66, 37, 30, 75, 76, 44, 58, 98, 13, 43, 41, 19, 73, 39, 70, 54, 84, 0, 80, 82, 63, 93, 5, 10, 59, 17, 49, 45, 32, 21, 55, 29, 2, 23, 11, 6, 7, 12, 46, 71, 64, 42, 38, 31, 61, 35, 57, 9, 86, 33, 48, 51, 68, 92, 1, 3, 81, 99, 72, 69, 78, 36, 4, 20, 28, 96, 77, 27, 89, 97, 79, 40, 87, 18, 24, 90, 60, 22, 26, 34]
[82, 90, 0, 80, 58, 59, 53, 78, 48, 66, 41, 15, 69, 49, 97, 89, 93, 38, 86, 51, 94, 72, 98, 18, 46, 40, 39, 42, 76, 8, 36, 32, 1, 12, 88, 25, 29, 68, 65, 22, 4, 7, 73, 95, 9, 28, 70, 30, 54, 61, 10, 43, 52, 50, 23, 87, 31, 21, 92, 47, 6, 20, 63, 45, 27, 19, 33, 24, 14, 35, 62, 26, 75, 16, 17, 44, 57, 37, 2, 67]
[65, 46, 92, 20, 32, 44, 5, 2, 28, 79, 78, 96, 71, 80, 9, 58, 23, 37, 41, 22, 50, 97, 29, 51, 93, 89, 27, 33, 94, 47, 31, 38, 82, 87, 14, 34, 45, 54, 66, 98, 21, 43, 81, 4, 25, 11, 88, 83, 55, 67, 16, 59, 19, 24, 1, 56, 72, 64, 57, 49, 6, 75, 0, 40, 35, 85, 95, 76, 42, 90, 30, 84, 61, 63, 39, 13, 48, 91, 18, 73]
[15, 20, 17, 29, 18, 32, 56, 81, 31, 74, 58, 59, 77, 21, 71, 96, 12, 66, 34, 55, 80, 40, 69, 1, 26, 35, 28, 6, 25, 95, 93, 23, 45, 42, 2, 10, 22, 94, 27, 13, 99, 5, 73, 11, 16, 65, 91, 49, 64, 67, 50, 14, 33, 60, 36, 78, 84, 75, 47, 30, 51, 89, 70, 41, 76, 88, 87, 4, 83, 62, 72, 85, 92, 38, 82, 63, 61, 48, 98, 46]
[22, 49, 85, 70, 21, 75, 77, 45, 94, 37, 28, 53, 65, 59, 78, 19, 93, 8, 35, 64, 92, 34, 55, 18, 97, 68, 63, 96, 58, 95, 7, 36, 42, 99, 73, 43, 90, 89, 52, 0, 98, 30, 56, 39, 81, 14, 44, 83, 50, 9, 66, 6, 60, 12, 84, 23, 80, 71, 82, 38, 79, 48, 20, 16, 54, 67, 41, 91, 29, 72, 26, 46, 61, 11, 25, 3, 24, 40, 4, 31]
[55, 78, 88, 60, 92, 75, 21, 28, 91, 14, 3, 61, 79, 89, 36, 84, 31, 98, 87, 49, 80, 46, 5, 32, 44, 15, 52, 72, 22, 27, 90, 1, 51, 25, 0, 33, 58, 37, 23, 76, 48, 94, 57, 13, 68, 45, 65, 77, 99, 74, 41, 85, 59, 64, 18, 7, 20, 39, 42, 82, 47, 69, 97, 26, 54, 24, 17, 71, 66, 40, 95, 73, 6, 8, 63, 96, 86, 16, 29, 83]
[53, 42, 3, 93, 50, 29, 82, 91, 22, 96, 55, 81, 54, 88, 12, 43, 64, 13, 85, 76, 28, 69, 0, 24, 44, 30, 99, 6, 9, 40, 25, 23, 26, 1, 90, 47, 89, 77, 32, 83, 7, 39, 71, 15, 84, 63, 33, 56, 17, 62, 60, 59, 36, 18, 65, 95, 41, 97, 92, 4, 79, 57, 68, 61, 8, 66, 20, 94, 11, 75, 31, 98, 58, 87, 67, 72, 49, 51, 86, 19]
[47, 20, 61, 6, 94, 65, 95, 14, 70, 96, 5, 36, 50, 8, 58, 39, 63, 29, 71, 23, 42, 57, 52, 68, 12, 64, 84, 69, 2, 21, 80, 75, 31, 85, 25, 13, 62, 66, 46, 28, 24, 9, 26, 35, 88, 43, 53, 16, 82, 1, 3, 86, 27, 41, 99, 51, 54, 19, 45, 30, 55, 37, 78, 56, 92, 89, 38, 7, 98, 44, 32, 18, 59, 60, 17, 87, 72, 33, 74, 73]
